{
  "camera_angle_x": 0.691111015275598,
  "camera_angle_y": 0.4958352312947368,
  "w": 1024,
  "h": 720,
  "fl_x": 1422.2225477430557,
  "fl_y": 1422.2225477430557,
  "frames": [
    {
      "file_path": "train/0_colors.png",
      "rotation": 0.01256,
      "transform_matrix": [
        [
          -0.9999021291732788,
          0.004192241467535496,
          -0.013345707207918167,
          -0.053382883874949216
        ],
        [
          -0.013988666236400604,
          -0.2996591031551361,
          0.9539437890052795,
          3.815775144182467
        ],
        [
          -0.0,
          0.9540371298789978,
          0.2996884286403656,
          1.1987536514015147
        ],
        [
          0.0,
          0.0,
          0.0,
          1.0
        ]
      ]
    },
    {
      "file_path": "train/1_colors.png",
      "rotation": 0.01256,
      "transform_matrix": [
        [
          -0.9305422306060791,
          0.11707553267478943,
          -0.34696465730667114,
          -1.3878585201324616
        ],
        [
          -0.3661845922470093,
          -0.29751041531562805,
          0.881700873374939,
          3.526803441125016
        ],
        [
          -0.0,
          0.9475129842758179,
          0.31971725821495056,
          1.2788691159631915
        ],
        [
          0.0,
          0.0,
          0.0,
          1.0
        ]
      ]
    },
    {
      "file_path": "train/2_colors.png",
      "rotation": 0.01256,
      "transform_matrix": [
        [
          0.44296351075172424,
          0.31377723813056946,
          -0.8398376107215881,
          -3.3593502371411765
        ],
        [
          -0.8965396285057068,
          0.1550314873456955,
          -0.41494807600975037,
          -1.6597924950920984
        ],
        [
          -0.0,
          0.9367545247077942,
          0.3499870300292969,
          1.399948162417262
        ],
        [
          0.0,
          0.0,
          0.0,
          1.0
        ]
      ]
    },
    {
      "file_path": "train/3_colors.png",
      "rotation": 0.01256,
      "transform_matrix": [
        [
          0.7956317663192749,
          0.5209260582923889,
          -0.3092023432254791,
          -1.2368094044941926
        ],
        [
          -0.6057805418968201,
          0.6841839551925659,
          -0.406106173992157,
          -1.6244247827011467
        ],
        [
          -0.0,
          0.5104197263717651,
          0.859925389289856,
          3.439701530990887
        ],
        [
          0.0,
          0.0,
          0.0,
          1.0
        ]
      ]
    },
    {
      "file_path": "train/4_colors.png",
      "rotation": 0.01256,
      "transform_matrix": [
        [
          -0.6566541790962219,
          -0.23678237199783325,
          0.7160582542419434,
          2.86423287907233
        ],
        [
          0.7541918158531189,
          -0.20615993440151215,
          0.6234523057937622,
          2.493809432160727
        ],
        [
          -0.0,
          0.9494378566741943,
          0.3139550983905792,
          1.2558202620228838
        ],
        [
          0.0,
          0.0,
          0.0,
          1.0
        ]
      ]
    },
    {
      "file_path": "train/5_colors.png",
      "rotation": 0.01256,
      "transform_matrix": [
        [
          -0.12173842638731003,
          0.6862695217132568,
          -0.7170870900154114,
          -2.868348451646058
        ],
        [
          -0.9925622344017029,
          -0.08417142182588577,
          0.08795122057199478,
          0.3518047265094555
        ],
        [
          -0.0,
          0.7224606275558472,
          0.691412091255188,
          2.7656483135686774
        ],
        [
          0.0,
          0.0,
          0.0,
          1.0
        ]
      ]
    },
    {
      "file_path": "train/6_colors.png",
      "rotation": 0.01256,
      "transform_matrix": [
        [
          0.6570732593536377,
          -0.5113321542739868,
          0.5538899898529053,
          2.2155600031418228
        ],
        [
          0.7538267374038696,
          0.44570282101631165,
          -0.48279836773872375,
          -1.9311934411220577
        ],
        [
          -0.0,
          0.7347710132598877,
          0.678315281867981,
          2.713261094226899
        ],
        [
          0.0,
          0.0,
          0.0,
          1.0
        ]
      ]
    },
    {
      "file_path": "train/7_colors.png",
      "rotation": 0.01256,
      "transform_matrix": [
        [
          0.9045064449310303,
          0.42524269223213196,
          -0.03219783678650856,
          -0.12879133651481334
        ],
        [
          -0.4264599084854126,
          0.9019247889518738,
          -0.06829047948122025,
          -0.27316190197050483
        ],
        [
          -0.0,
          0.07550026476383209,
          0.9971457719802856,
          3.9885831277473187
        ],
        [
          0.0,
          0.0,
          0.0,
          1.0
        ]
      ]
    },
    {
      "file_path": "train/8_colors.png",
      "rotation": 0.01256,
      "transform_matrix": [
        [
          0.15998949110507965,
          0.3304663598537445,
          -0.930158793926239,
          -3.720635091966725
        ],
        [
          -0.9871187210083008,
          0.05356108397245407,
          -0.1507575809955597,
          -0.6030304858983726
        ],
        [
          -0.0,
          0.9422967433929443,
          0.334778755903244,
          1.3391149112391105
        ],
        [
          0.0,
          0.0,
          0.0,
          1.0
        ]
      ]
    },
    {
      "file_path": "train/9_colors.png",
      "rotation": 0.01256,
      "transform_matrix": [
        [
          -0.23337769508361816,
          0.4425660967826843,
          -0.8658348917961121,
          -3.46333970987063
        ],
        [
          -0.9723861813545227,
          -0.10621814429759979,
          0.2078048437833786,
          0.8312192405058152
        ],
        [
          -0.0,
          0.8904228806495667,
          0.4551340937614441,
          1.820536357298629
        ],
        [
          0.0,
          0.0,
          0.0,
          1.0
        ]
      ]
    },
    {
      "file_path": "train/10_colors.png",
      "rotation": 0.01256,
      "transform_matrix": [
        [
          0.5218667387962341,
          0.18684419989585876,
          -0.8323126435279846,
          -3.3292506309612784
        ],
        [
          -0.8530269861221313,
          0.1143079623579979,
          -0.5091940760612488,
          -2.0367761252937324
        ],
        [
          -0.0,
          0.9757166504859924,
          0.21903666853904724,
          0.8761468208453331
        ],
        [
          0.0,
          0.0,
          0.0,
          1.0
        ]
      ]
    },
    {
      "file_path": "train/11_colors.png",
      "rotation": 0.01256,
      "transform_matrix": [
        [
          -0.9757386445999146,
          -0.17523765563964844,
          0.1312471479177475,
          0.5249883256841809
        ],
        [
          0.2189384549856186,
          -0.7809782028198242,
          0.5849265456199646,
          2.339706127346891
        ],
        [
          -0.0,
          0.5994704961776733,
          0.8003968596458435,
          3.201587496157294
        ],
        [
          0.0,
          0.0,
          0.0,
          1.0
        ]
      ]
    },
    {
      "file_path": "train/12_colors.png",
      "rotation": 0.01256,
      "transform_matrix": [
        [
          -0.9713073968887329,
          0.20477890968322754,
          -0.12094448506832123,
          -0.4837780577084394
        ],
        [
          -0.2378275990486145,
          -0.8363338112831116,
          0.49394717812538147,
          1.9757886009976597
        ],
        [
          -0.0,
          0.5085384845733643,
          0.8610392808914185,
          3.4441571095186063
        ],
        [
          0.0,
          0.0,
          0.0,
          1.0
        ]
      ]
    },
    {
      "file_path": "train/13_colors.png",
      "rotation": 0.01256,
      "transform_matrix": [
        [
          0.8429084420204163,
          -0.09502749890089035,
          0.5295990109443665,
          2.118396039675121
        ],
        [
          0.5380570292472839,
          0.14886800944805145,
          -0.8296583294868469,
          -3.318633373530872
        ],
        [
          -0.0,
          0.9842804670333862,
          0.17661231756210327,
          0.7064493974630208
        ],
        [
          0.0,
          0.0,
          0.0,
          1.0
        ]
      ]
    },
    {
      "file_path": "train/14_colors.png",
      "rotation": 0.01256,
      "transform_matrix": [
        [
          -0.06348514556884766,
          0.8717355132102966,
          -0.48584648966789246,
          -1.9433859720164517
        ],
        [
          -0.9979828000068665,
          -0.05545412003993988,
          0.030906379222869873,
          0.123625532333794
        ],
        [
          -0.0,
          0.4868285059928894,
          0.8734975457191467,
          3.4939902248754016
        ],
        [
          0.0,
          0.0,
          0.0,
          1.0
        ]
      ]
    },
    {
      "file_path": "train/15_colors.png",
      "rotation": 0.01256,
      "transform_matrix": [
        [
          -0.6865485906600952,
          -0.3086281716823578,
          0.6583309769630432,
          2.6333238442793148
        ],
        [
          0.7270839214324951,
          -0.2914219796657562,
          0.6216286420822144,
          2.4865148862631594
        ],
        [
          -0.0,
          0.9054401516914368,
          0.42447394132614136,
          1.6978955361098393
        ],
        [
          0.0,
          0.0,
          0.0,
          1.0
        ]
      ]
    },
    {
      "file_path": "train/16_colors.png",
      "rotation": 0.01256,
      "transform_matrix": [
        [
          0.13035733997821808,
          0.5973316431045532,
          -0.7913292050361633,
          -3.1653167142081218
        ],
        [
          -0.9914670586585999,
          0.07853671163320541,
          -0.10404336452484131,
          -0.41617348383266484
        ],
        [
          -0.0,
          0.7981396317481995,
          0.6024724841117859,
          2.4098899829887017
        ],
        [
          0.0,
          0.0,
          0.0,
          1.0
        ]
      ]
    },
    {
      "file_path": "train/17_colors.png",
      "rotation": 0.01256,
      "transform_matrix": [
        [
          0.2866220474243164,
          -0.2535768747329712,
          0.9238758683204651,
          3.695503426342488
        ],
        [
          0.9580437541007996,
          0.07586367428302765,
          -0.2763998806476593,
          -1.1055993880556858
        ],
        [
          -0.0,
          0.9643357396125793,
          0.26468193531036377,
          1.0587277360217908
        ],
        [
          0.0,
          0.0,
          0.0,
          1.0
        ]
      ]
    },
    {
      "file_path": "train/18_colors.png",
      "rotation": 0.01256,
      "transform_matrix": [
        [
          -0.09750007838010788,
          -0.9662679433822632,
          0.23836950957775116,
          0.9534780232895009
        ],
        [
          0.9952355027198792,
          -0.09466221928596497,
          0.023352308198809624,
          0.0934092274237813
        ],
        [
          -0.0,
          0.2395106554031372,
          0.9708937406539917,
          3.8835749478201187
        ],
        [
          0.0,
          0.0,
          0.0,
          1.0
        ]
      ]
    },
    {
      "file_path": "train/19_colors.png",
      "rotation": 0.01256,
      "transform_matrix": [
        [
          0.5655173659324646,
          -0.2501453161239624,
          0.7858864068984985,
          3.1435457227564014
        ],
        [
          0.8247364163398743,
          0.1715233027935028,
          -0.5388781428337097,
          -2.1555124347150088
        ],
        [
          -0.0,
          0.9528940320014954,
          0.3033033609390259,
          1.2132132676198797
        ],
        [
          0.0,
          0.0,
          0.0,
          1.0
        ]
      ]
    },
    {
      "file_path": "train/20_colors.png",
      "rotation": 0.01256,
      "transform_matrix": [
        [
          0.8422731161117554,
          -0.2561601400375366,
          0.47429734468460083,
          1.897189454781327
        ],
        [
          0.5390509963035583,
          0.400253027677536,
          -0.7410948276519775,
          -2.9643793559030165
        ],
        [
          -0.0,
          0.8798747062683105,
          0.47520574927330017,
          1.9008227710553522
        ],
        [
          0.0,
          0.0,
          0.0,
          1.0
        ]
      ]
    },
    {
      "file_path": "train/21_colors.png",
      "rotation": 0.01256,
      "transform_matrix": [
        [
          0.9048086404800415,
          0.3769117295742035,
          -0.19813844561576843,
          -0.7925538151058051
        ],
        [
          -0.42581838369369507,
          0.8008883595466614,
          -0.42101842164993286,
          -1.6840737219572688
        ],
        [
          -0.0,
          0.46531209349632263,
          0.8851466774940491,
          3.5405866956161693
        ],
        [
          0.0,
          0.0,
          0.0,
          1.0
        ]
      ]
    },
    {
      "file_path": "train/22_colors.png",
      "rotation": 0.01256,
      "transform_matrix": [
        [
          -0.46025583148002625,
          -0.5367127060890198,
          0.707180380821228,
          2.828721406862266
        ],
        [
          0.887786328792572,
          -0.2782484292984009,
          0.366624116897583,
          1.4664966321246236
        ],
        [
          -0.0,
          0.7965659499168396,
          0.6045516729354858,
          2.418206531776452
        ],
        [
          0.0,
          0.0,
          0.0,
          1.0
        ]
      ]
    },
    {
      "file_path": "train/23_colors.png",
      "rotation": 0.01256,
      "transform_matrix": [
        [
          -0.4675160348415375,
          0.5285975933074951,
          -0.708528995513916,
          -2.8341160401877485
        ],
        [
          -0.8839845657348633,
          -0.27956128120422363,
          0.3747222125530243,
          1.4988885678883395
        ],
        [
          -0.0,
          0.8015173673629761,
          0.597971498966217,
          2.391886145242737
        ],
        [
          0.0,
          0.0,
          0.0,
          1.0
        ]
      ]
    },
    {
      "file_path": "train/24_colors.png",
      "rotation": 0.01256,
      "transform_matrix": [
        [
          0.7739522457122803,
          0.3597180247306824,
          -0.5211533904075623,
          -2.0846136441313896
        ],
        [
          -0.633243978023529,
          0.43964821100234985,
          -0.6369549036026001,
          -2.5478195794940968
        ],
        [
          -0.0,
          0.8229899406433105,
          0.5680559873580933,
          2.272223876524443
        ],
        [
          0.0,
          0.0,
          0.0,
          1.0
        ]
      ]
    },
    {
      "file_path": "train/25_colors.png",
      "rotation": 0.01256,
      "transform_matrix": [
        [
          -0.1613457351922989,
          -0.39970967173576355,
          0.9023301601409912,
          3.6093207417578554
        ],
        [
          0.9868979454040527,
          -0.06534764170646667,
          0.14751994609832764,
          0.5900798309499006
        ],
        [
          -0.0,
          0.9143095016479492,
          0.4050162136554718,
          1.6200646827280258
        ],
        [
          0.0,
          0.0,
          0.0,
          1.0
        ]
      ]
    },
    {
      "file_path": "train/26_colors.png",
      "rotation": 0.01256,
      "transform_matrix": [
        [
          -0.9752574563026428,
          -0.03920064866542816,
          0.21756881475448608,
          0.8702750123639953
        ],
        [
          0.22107212245464325,
          -0.17293326556682587,
          0.9598026871681213,
          3.8392108460103516
        ],
        [
          -0.0,
          0.984153151512146,
          0.17732062935829163,
          0.7092823716485056
        ],
        [
          0.0,
          0.0,
          0.0,
          1.0
        ]
      ]
    },
    {
      "file_path": "train/27_colors.png",
      "rotation": 0.01256,
      "transform_matrix": [
        [
          -0.9902961254119873,
          0.09176144748926163,
          -0.10437169671058655,
          -0.4174866050441513
        ],
        [
          -0.1389734297990799,
          -0.6538732051849365,
          0.7437312602996826,
          2.9749251222545343
        ],
        [
          -0.0,
          0.7510190606117249,
          0.6602805256843567,
          2.641122006191223
        ],
        [
          0.0,
          0.0,
          0.0,
          1.0
        ]
      ]
    },
    {
      "file_path": "train/28_colors.png",
      "rotation": 0.01256,
      "transform_matrix": [
        [
          0.7852338552474976,
          -0.3301071524620056,
          0.5238673686981201,
          2.095469458712297
        ],
        [
          0.619199275970459,
          0.4186234176158905,
          -0.6643393039703369,
          -2.6573571714743767
        ],
        [
          -0.0,
          0.8460400104522705,
          0.5331193804740906,
          2.1324775756892946
        ],
        [
          0.0,
          0.0,
          0.0,
          1.0
        ]
      ]
    },
    {
      "file_path": "train/29_colors.png",
      "rotation": 0.01256,
      "transform_matrix": [
        [
          0.893181324005127,
          0.20586316287517548,
          -0.3998093008995056,
          -1.5992372989751371
        ],
        [
          -0.44969671964645386,
          0.4088825583457947,
          -0.7940956950187683,
          -3.176382766344044
        ],
        [
          -0.0,
          0.889064371585846,
          0.45778223872184753,
          1.8311287729810992
        ],
        [
          0.0,
          0.0,
          0.0,
          1.0
        ]
      ]
    },
    {
      "file_path": "train/30_colors.png",
      "rotation": 0.01256,
      "transform_matrix": [
        [
          -0.2867388427257538,
          -0.8562213182449341,
          0.4297276735305786,
          1.7189106386104474
        ],
        [
          0.9580087661743164,
          -0.25627315044403076,
          0.12862055003643036,
          0.5144822642971081
        ],
        [
          -0.0,
          0.4485633969306946,
          0.8937510251998901,
          3.57500408617886
        ],
        [
          0.0,
          0.0,
          0.0,
          1.0
        ]
      ]
    },
    {
      "file_path": "train/31_colors.png",
      "rotation": 0.01256,
      "transform_matrix": [
        [
          -0.1550106704235077,
          0.9340342283248901,
          -0.32179462909698486,
          -1.287178484475397
        ],
        [
          -0.9879127740859985,
          -0.14655673503875732,
          0.05049191042780876,
          0.20196767305008162
        ],
        [
          -0.0,
          0.3257318139076233,
          0.9454622268676758,
          3.7818488346503694
        ],
        [
          0.0,
          0.0,
          0.0,
          1.0
        ]
      ]
    },
    {
      "file_path": "train/32_colors.png",
      "rotation": 0.01256,
      "transform_matrix": [
        [
          6.266037235036492e-05,
          0.21157902479171753,
          -0.9773609042167664,
          -3.9094435915024355
        ],
        [
          -1.0,
          1.3257620594231412e-05,
          -6.124180072220042e-05,
          -0.0002447412676260325
        ],
        [
          -0.0,
          0.9773609042167664,
          0.21157902479171753,
          0.8463159841112814
        ],
        [
          0.0,
          0.0,
          0.0,
          1.0
        ]
      ]
    },
    {
      "file_path": "train/33_colors.png",
      "rotation": 0.01256,
      "transform_matrix": [
        [
          0.7431973218917847,
          -0.5280798673629761,
          0.41083991527557373,
          1.643359803123492
        ],
        [
          0.6690723299980164,
          0.5865845680236816,
          -0.4563559293746948,
          -1.8254237225718555
        ],
        [
          -0.0,
          0.6140441298484802,
          0.7892717123031616,
          3.1570867568931056
        ],
        [
          0.0,
          0.0,
          0.0,
          1.0
        ]
      ]
    },
    {
      "file_path": "train/34_colors.png",
      "rotation": 0.01256,
      "transform_matrix": [
        [
          -0.7566120624542236,
          0.34157970547676086,
          -0.5575495362281799,
          -2.230198207467373
        ],
        [
          -0.6538640260696411,
          -0.3952554762363434,
          0.6451627016067505,
          2.5806507693288387
        ],
        [
          -0.0,
          0.8526994585990906,
          0.522401750087738,
          2.089607035347026
        ],
        [
          0.0,
          0.0,
          0.0,
          1.0
        ]
      ]
    },
    {
      "file_path": "train/35_colors.png",
      "rotation": 0.01256,
      "transform_matrix": [
        [
          -0.3977896571159363,
          0.3703862428665161,
          -0.8393911123275757,
          -3.3575644177168456
        ],
        [
          -0.9174766540527344,
          -0.1605880707502365,
          0.36393415927886963,
          1.4557367530781327
        ],
        [
          -0.0,
          0.9148910045623779,
          0.40370097756385803,
          1.614803915842192
        ],
        [
          0.0,
          0.0,
          0.0,
          1.0
        ]
      ]
    },
    {
      "file_path": "train/36_colors.png",
      "rotation": 0.01256,
      "transform_matrix": [
        [
          0.7656702995300293,
          -0.47312435507774353,
          0.435777872800827,
          1.7431115232533816
        ],
        [
          0.6432332396507263,
          0.5631818175315857,
          -0.5187265276908875,
          -2.0749062245632564
        ],
        [
          -0.0,
          0.6774803400039673,
          0.7355408668518066,
          2.942163553708381
        ],
        [
          0.0,
          0.0,
          0.0,
          1.0
        ]
      ]
    },
    {
      "file_path": "train/37_colors.png",
      "rotation": 0.01256,
      "transform_matrix": [
        [
          -0.4634658694267273,
          -0.8589088916778564,
          0.21788737177848816,
          0.8715494763526979
        ],
        [
          0.886114776134491,
          -0.44923633337020874,
          0.11396194249391556,
          0.4558477749800575
        ],
        [
          -0.0,
          0.24589069187641144,
          0.9692975878715515,
          3.8771902605256643
        ],
        [
          0.0,
          0.0,
          0.0,
          1.0
        ]
      ]
    },
    {
      "file_path": "train/38_colors.png",
      "rotation": 0.01256,
      "transform_matrix": [
        [
          -0.8262400031089783,
          0.21388964354991913,
          -0.5211321711540222,
          -2.0845282450588156
        ],
        [
          -0.5633183121681213,
          -0.3137199282646179,
          0.7643640041351318,
          3.0574561665725044
        ],
        [
          -0.0,
          0.9251113533973694,
          0.3796958923339844,
          1.5187836531381873
        ],
        [
          0.0,
          0.0,
          0.0,
          1.0
        ]
      ]
    },
    {
      "file_path": "train/39_colors.png",
      "rotation": 0.01256,
      "transform_matrix": [
        [
          -0.9966232776641846,
          0.07444929331541061,
          -0.03463122621178627,
          -0.13852476256625423
        ],
        [
          -0.08210980147123337,
          -0.903642475605011,
          0.4203430712223053,
          1.6813722761560612
        ],
        [
          -0.0,
          0.4217672646045685,
          0.9067041277885437,
          3.6268165323227683
        ],
        [
          0.0,
          0.0,
          0.0,
          1.0
        ]
      ]
    },
    {
      "file_path": "train/40_colors.png",
      "rotation": 0.01256,
      "transform_matrix": [
        [
          -0.437981516122818,
          0.34720176458358765,
          -0.8292304277420044,
          -3.316921682885281
        ],
        [
          -0.8989839553833008,
          -0.16915534436702728,
          0.40399786829948425,
          1.6159914617233493
        ],
        [
          -0.0,
          0.9224084615707397,
          0.3862157464027405,
          1.5448631477392107
        ],
        [
          0.0,
          0.0,
          0.0,
          1.0
        ]
      ]
    },
    {
      "file_path": "train/41_colors.png",
      "rotation": 0.01256,
      "transform_matrix": [
        [
          -0.994414210319519,
          0.020834466442465782,
          -0.1034713014960289,
          -0.41388562019668906
        ],
        [
          -0.10554802417755127,
          -0.19629064202308655,
          0.9748485088348389,
          3.8993939542858223
        ],
        [
          -0.0,
          0.980324387550354,
          0.1973932385444641,
          0.7895729748880592
        ],
        [
          0.0,
          0.0,
          0.0,
          1.0
        ]
      ]
    },
    {
      "file_path": "train/42_colors.png",
      "rotation": 0.01256,
      "transform_matrix": [
        [
          -0.9928660988807678,
          -0.019224043935537338,
          0.11767486482858658,
          0.47069910111545293
        ],
        [
          0.11923480033874512,
          -0.1600782871246338,
          0.9798765182495117,
          3.919506168311649
        ],
        [
          -0.0,
          0.9869171380996704,
          0.1612284779548645,
          0.644913756075988
        ],
        [
          0.0,
          0.0,
          0.0,
          1.0
        ]
      ]
    },
    {
      "file_path": "train/43_colors.png",
      "rotation": 0.01256,
      "transform_matrix": [
        [
          0.6021550893783569,
          -0.6352205276489258,
          0.48363637924194336,
          1.9345454527666015
        ],
        [
          0.798379123210907,
          0.47909727692604065,
          -0.3647691607475281,
          -1.4590767237963707
        ],
        [
          -0.0,
          0.6057727932929993,
          0.7956376671791077,
          3.1825507074131143
        ],
        [
          0.0,
          0.0,
          0.0,
          1.0
        ]
      ]
    },
    {
      "file_path": "train/44_colors.png",
      "rotation": 0.01256,
      "transform_matrix": [
        [
          0.49585971236228943,
          0.7388697862625122,
          -0.45628345012664795,
          -1.8251338229166965
        ],
        [
          -0.8684026598930359,
          0.42189615964889526,
          -0.260538786649704,
          -1.042155096420814
        ],
        [
          -0.0,
          0.5254284739494324,
          0.850837767124176,
          3.403351184266709
        ],
        [
          0.0,
          0.0,
          0.0,
          1.0
        ]
      ]
    },
    {
      "file_path": "train/45_colors.png",
      "rotation": 0.01256,
      "transform_matrix": [
        [
          -0.5594505667686462,
          0.5238707065582275,
          -0.6423196792602539,
          -2.5692787826401045
        ],
        [
          -0.8288637399673462,
          -0.353592187166214,
          0.43354061245918274,
          1.7341624825534256
        ],
        [
          -0.0,
          0.774940013885498,
          0.6320347785949707,
          2.5281390430867368
        ],
        [
          0.0,
          0.0,
          0.0,
          1.0
        ]
      ]
    },
    {
      "file_path": "train/46_colors.png",
      "rotation": 0.01256,
      "transform_matrix": [
        [
          0.9999964833259583,
          -0.001891873893328011,
          0.001865968806669116,
          0.00746387578672208
        ],
        [
          0.0026572593487799168,
          0.7119618654251099,
          -0.7022131085395813,
          -2.8088524594086315
        ],
        [
          -0.0,
          0.7022156119346619,
          0.7119643688201904,
          2.8478574669095225
        ],
        [
          0.0,
          0.0,
          0.0,
          1.0
        ]
      ]
    },
    {
      "file_path": "train/47_colors.png",
      "rotation": 0.01256,
      "transform_matrix": [
        [
          -0.9168165326118469,
          -0.3853738605976105,
          0.1045677587389946,
          0.4182710230129215
        ],
        [
          0.3993087112903595,
          -0.8848220705986023,
          0.2400885671377182,
          0.9603542555002434
        ],
        [
          -0.0,
          0.26187196373939514,
          0.9651026129722595,
          3.8604104775593875
        ],
        [
          0.0,
          0.0,
          0.0,
          1.0
        ]
      ]
    },
    {
      "file_path": "train/48_colors.png",
      "rotation": 0.01256,
      "transform_matrix": [
        [
          0.999915599822998,
          -0.012454099021852016,
          0.003698349930346012,
          0.014793400335791537
        ],
        [
          0.012991627678275108,
          0.958544135093689,
          -0.28464776277542114,
          -1.1385911433093043
        ],
        [
          -0.0,
          0.2846717834472656,
          0.9586250185966492,
          3.8345001452189456
        ],
        [
          0.0,
          0.0,
          0.0,
          1.0
        ]
      ]
    },
    {
      "file_path": "train/49_colors.png",
      "rotation": 0.01256,
      "transform_matrix": [
        [
          0.37395763397216797,
          -0.8564797043800354,
          0.35580646991729736,
          1.423225852607423
        ],
        [
          0.9274457693099976,
          0.3453432321548462,
          -0.1434655636548996,
          -0.5738623309064153
        ],
        [
          -0.0,
          0.38364124298095703,
          0.9234822392463684,
          3.6939288295304946
        ],
        [
          0.0,
          0.0,
          0.0,
          1.0
        ]
      ]
    },
    {
      "file_path": "train/50_colors.png",
      "rotation": 0.01256,
      "transform_matrix": [
        [
          -0.9326563477516174,
          -0.2249978631734848,
          0.2820071578025818,
          1.1280284363858057
        ],
        [
          0.3607659637928009,
          -0.5816670656204224,
          0.7290481925010681,
          2.9161929606449006
        ],
        [
          -0.0,
          0.7816900610923767,
          0.6236671209335327,
          2.4946684074221412
        ],
        [
          0.0,
          0.0,
          0.0,
          1.0
        ]
      ]
    },
    {
      "file_path": "train/51_colors.png",
      "rotation": 0.01256,
      "transform_matrix": [
        [
          -0.8471797108650208,
          0.14040519297122955,
          -0.5124186873435974,
          -2.049674948089678
        ],
        [
          -0.5313064455986023,
          -0.2238791286945343,
          0.8170627951622009,
          3.2682510804704443
        ],
        [
          -0.0,
          0.9644503593444824,
          0.2642640471458435,
          1.0570560449556838
        ],
        [
          0.0,
          0.0,
          0.0,
          1.0
        ]
      ]
    },
    {
      "file_path": "train/52_colors.png",
      "rotation": 0.01256,
      "transform_matrix": [
        [
          0.5719918608665466,
          0.34370842576026917,
          -0.7447749972343445,
          -2.9790999732745256
        ],
        [
          -0.8202592730522156,
          0.23967838287353516,
          -0.5193544030189514,
          -2.07741750857438
        ],
        [
          -0.0,
          0.9079750776290894,
          0.41902410984039307,
          1.6760966094782053
        ],
        [
          0.0,
          0.0,
          0.0,
          1.0
        ]
      ]
    },
    {
      "file_path": "train/53_colors.png",
      "rotation": 0.01256,
      "transform_matrix": [
        [
          0.20791095495224,
          0.1652379333972931,
          -0.9640899896621704,
          -3.85635984293636
        ],
        [
          -0.9781477451324463,
          0.03512227535247803,
          -0.2049228847026825,
          -0.8196915816426993
        ],
        [
          -0.0,
          0.9856281280517578,
          0.16892941296100616,
          0.6757177463793131
        ],
        [
          0.0,
          0.0,
          0.0,
          1.0
        ]
      ]
    },
    {
      "file_path": "train/54_colors.png",
      "rotation": 0.01256,
      "transform_matrix": [
        [
          -0.30069294571876526,
          0.4779253304004669,
          -0.825330913066864,
          -3.3013237614867483
        ],
        [
          -0.9537209868431091,
          -0.15068219602108002,
          0.26021361351013184,
          1.0408544828869775
        ],
        [
          -0.0,
          0.865379810333252,
          0.5011165142059326,
          2.004465855857133
        ],
        [
          0.0,
          0.0,
          0.0,
          1.0
        ]
      ]
    },
    {
      "file_path": "train/55_colors.png",
      "rotation": 0.01256,
      "transform_matrix": [
        [
          0.9331963658332825,
          -0.07844074070453644,
          0.3507015109062195,
          1.402806109772059
        ],
        [
          0.3593668043613434,
          0.20369331538677216,
          -0.9106945395469666,
          -3.6427781573259446
        ],
        [
          -0.0,
          0.9758873581886292,
          0.21827486157417297,
          0.8730992583293042
        ],
        [
          0.0,
          0.0,
          0.0,
          1.0
        ]
      ]
    },
    {
      "file_path": "train/56_colors.png",
      "rotation": 0.01256,
      "transform_matrix": [
        [
          -0.5703679919242859,
          0.8067229986190796,
          -0.15452636778354645,
          -0.6181054520636601
        ],
        [
          -0.8213893175125122,
          -0.5601837635040283,
          0.1073022186756134,
          0.42920886663317476
        ],
        [
          -0.0,
          0.1881280541419983,
          0.9821445345878601,
          3.928578037780673
        ],
        [
          0.0,
          0.0,
          0.0,
          1.0
        ]
      ]
    },
    {
      "file_path": "train/57_colors.png",
      "rotation": 0.01256,
      "transform_matrix": [
        [
          -0.9822137951850891,
          -0.16775886714458466,
          0.08433844149112701,
          0.3373535769430657
        ],
        [
          0.18776583671569824,
          -0.8775562047958374,
          0.44117921590805054,
          1.7647168618860287
        ],
        [
          -0.0,
          0.44916820526123047,
          0.89344722032547,
          3.5737888803759583
        ],
        [
          0.0,
          0.0,
          0.0,
          1.0
        ]
      ]
    },
    {
      "file_path": "train/58_colors.png",
      "rotation": 0.01256,
      "transform_matrix": [
        [
          -0.33302780985832214,
          0.7478148341178894,
          -0.5743390917778015,
          -2.2973565160328486
        ],
        [
          -0.942916989326477,
          -0.2641198933124542,
          0.20285019278526306,
          0.8114007067774468
        ],
        [
          -0.0,
          0.6091088652610779,
          0.793086588382721,
          3.172346439354074
        ],
        [
          0.0,
          0.0,
          0.0,
          1.0
        ]
      ]
    },
    {
      "file_path": "train/59_colors.png",
      "rotation": 0.01256,
      "transform_matrix": [
        [
          -0.28166845440864563,
          -0.5504834651947021,
          0.7858949303627014,
          3.1435797519617994
        ],
        [
          0.9595118165016174,
          -0.16159658133983612,
          0.23070253431797028,
          0.9228101281461292
        ],
        [
          -0.0,
          0.8190571069717407,
          0.5737120509147644,
          2.294848101824327
        ],
        [
          0.0,
          0.0,
          0.0,
          1.0
        ]
      ]
    },
    {
      "file_path": "train/60_colors.png",
      "rotation": 0.01256,
      "transform_matrix": [
        [
          -0.7199269533157349,
          0.14755994081497192,
          -0.6781823635101318,
          -2.7127295117628423
        ],
        [
          -0.6940498352050781,
          -0.15306158363819122,
          0.7034677863121033,
          2.8138709991352178
        ],
        [
          -0.0,
          0.9771377444267273,
          0.21260710060596466,
          0.8504284780254601
        ],
        [
          0.0,
          0.0,
          0.0,
          1.0
        ]
      ]
    },
    {
      "file_path": "train/61_colors.png",
      "rotation": 0.01256,
      "transform_matrix": [
        [
          -0.9999706149101257,
          0.005657183937728405,
          -0.0051768324337899685,
          -0.0207073430077228
        ],
        [
          -0.007668332662433386,
          -0.7377115488052368,
          0.675072431564331,
          2.700289862059564
        ],
        [
          -0.0,
          0.6750922799110413,
          0.7377332448959351,
          2.9509330502069853
        ],
        [
          0.0,
          0.0,
          0.0,
          1.0
        ]
      ]
    },
    {
      "file_path": "train/62_colors.png",
      "rotation": 0.01256,
      "transform_matrix": [
        [
          -0.2615138590335846,
          0.9203335642814636,
          -0.2908550202846527,
          -1.1634201803292707
        ],
        [
          -0.9651997089385986,
          -0.2493576854467392,
          0.07880505919456482,
          0.31522022160166124
        ],
        [
          -0.0,
          0.30134180188179016,
          0.9535161852836609,
          3.814064720989408
        ],
        [
          0.0,
          0.0,
          0.0,
          1.0
        ]
      ]
    },
    {
      "file_path": "train/63_colors.png",
      "rotation": 0.01256,
      "transform_matrix": [
        [
          0.7933609485626221,
          -0.19958904385566711,
          0.5751022696495056,
          2.300409039761454
        ],
        [
          0.6087514758110046,
          0.26011624932289124,
          -0.7495072484016418,
          -2.998029110816064
        ],
        [
          -0.0,
          0.9447241425514221,
          0.32786622643470764,
          1.3114647156836607
        ],
        [
          0.0,
          0.0,
          0.0,
          1.0
        ]
      ]
    },
    {
      "file_path": "train/64_colors.png",
      "rotation": 0.01256,
      "transform_matrix": [
        [
          -0.9780508875846863,
          0.035429153591394424,
          -0.205331951379776,
          -0.821327800990578
        ],
        [
          -0.20836611092090607,
          -0.16630111634731293,
          0.9638088345527649,
          3.855235425114536
        ],
        [
          -0.0,
          0.985438346862793,
          0.17003318667411804,
          0.6801326784252658
        ],
        [
          0.0,
          0.0,
          0.0,
          1.0
        ]
      ]
    },
    {
      "file_path": "train/65_colors.png",
      "rotation": 0.01256,
      "transform_matrix": [
        [
          0.9800371527671814,
          -0.039007242769002914,
          0.19495020806789398,
          0.779800805931804
        ],
        [
